1 1 7 1.0000 0.0 0.0 0.0
2 2 7 1.0000 0.0 0.0 0.0
3 3 7 1.0000 0.0 0.0 0.0
4 4 7 1.0000 0.0 0.0 0.0
5 5 7 1.0000 0.0 0.0 0.0
6 6 7 1.0000 0.0 0.0 0.0
7 7 7 1.0000 0.0 0.0 0.0
8 8 7 1.0000 0.0 0.0 0.0
9 9 7 1.0000 0.0 0.0 0.0
10 10 7 1.0000 0.0 0.0 0.0
11 11 7 1.0000 0.0 0.0 0.0
12 12 7 1.0000 0.0 0.0 0.0
13 13 7 1.0000 0.0 0.0 0.0
14 14 7 1.0000 0.0 0.0 0.0
15 15 7 1.0000 0.0 0.0 0.0
16 16 7 1.0000 0.0 0.0 0.0
17 17 7 1.0000 0.0 0.0 0.0
18 18 7 1.0000 0.0 0.0 0.0
19 19 7 1.0000 0.0 0.0 0.0
20 20 7 1.0000 0.0 0.0 0.0
21 21 7 1.0000 0.0 0.0 0.0
22 22 7 1.0000 0.0 0.0 0.0
23 23 7 1.0000 0.0 0.0 0.0
24 24 7 1.0000 0.0 0.0 0.0
25 25 7 1.0000 0.0 0.0 0.0
26 26 7 1.0000 0.0 0.0 0.0
27 27 7 1.0000 0.0 0.0 0.0
28 28 7 1.0000 0.0 0.0 0.0
29 29 7 1.0000 0.0 0.0 0.0
30 30 7 1.0000 0.0 0.0 0.0
31 31 7 1.0000 0.0 0.0 0.0
32 32 7 1.0000 0.0 0.0 0.0
33 33 7 1.0000 0.0 0.0 0.0
34 34 7 1.0000 0.0 0.0 0.0
35 35 7 1.0000 0.0 0.0 0.0
36 36 7 1.0000 0.0 0.0 0.0
37 37 7 1.0000 0.0 0.0 0.0
38 38 7 1.0000 0.0 0.0 0.0
39 39 7 1.0000 0.0 0.0 0.0
40 40 7 1.0000 0.0 0.0 0.0
41 41 7 1.0000 0.0 0.0 0.0
42 42 7 1.0000 0.0 0.0 0.0
43 43 7 1.0000 0.0 0.0 0.0
44 44 7 1.0000 0.0 0.0 0.0
45 45 7 1.0000 0.0 0.0 0.0
46 46 7 1.0000 0.0 0.0 0.0
47 47 7 1.0000 0.0 0.0 0.0
48 48 7 1.0000 0.0 0.0 0.0
49 49 7 1.0000 0.0 0.0 0.0
50 50 7 1.0000 0.0 0.0 0.0
51 51 7 1.0000 0.0 0.0 0.0
52 52 7 1.0000 0.0 0.0 0.0
53 53 7 1.0000 0.0 0.0 0.0
54 54 7 1.0000 0.0 0.0 0.0
55 55 7 1.0000 0.0 0.0 0.0
56 56 7 1.0000 0.0 0.0 0.0
57 57 7 1.0000 0.0 0.0 0.0
58 58 7 1.0000 0.0 0.0 0.0
59 59 7 1.0000 0.0 0.0 0.0
60 60 7 1.0000 0.0 0.0 0.0
61 61 7 1.0000 0.0 0.0 0.0
62 62 7 1.0000 0.0 0.0 0.0
63 63 7 1.0000 0.0 0.0 0.0
64 64 7 1.0000 0.0 0.0 0.0
65 65 7 1.0000 0.0 0.0 0.0
66 66 7 1.0000 0.0 0.0 0.0
67 67 7 1.0000 0.0 0.0 0.0
68 68 7 1.0000 0.0 0.0 0.0
69 69 7 1.0000 0.0 0.0 0.0
70 70 7 1.0000 0.0 0.0 0.0
71 71 7 1.0000 0.0 0.0 0.0
72 72 7 1.0000 0.0 0.0 0.0
73 73 7 1.0000 0.0 0.0 0.0
74 74 7 1.0000 0.0 0.0 0.0
75 75 7 1.0000 0.0 0.0 0.0
76 76 7 1.0000 0.0 0.0 0.0
77 77 7 1.0000 0.0 0.0 0.0
78 78 7 1.0000 0.0 0.0 0.0
79 79 7 1.0000 0.0 0.0 0.0
80 80 7 1.0000 0.0 0.0 0.0
81 81 7 1.0000 0.0 0.0 0.0
82 82 7 1.0000 0.0 0.0 0.0
83 83 7 1.0000 0.0 0.0 0.0
84 84 7 1.0000 0.0 0.0 0.0
85 85 7 1.0000 0.0 0.0 0.0
86 86 7 1.0000 0.0 0.0 0.0
87 87 7 1.0000 0.0 0.0 0.0
88 88 7 1.0000 0.0 0.0 0.0
89 89 7 1.0000 0.0 0.0 0.0
90 90 7 1.0000 0.0 0.0 0.0
91 91 7 1.0000 0.0 0.0 0.0
92 92 7 1.0000 0.0 0.0 0.0
93 93 7 1.0000 0.0 0.0 0.0
94 94 7 1.0000 0.0 0.0 0.0
95 95 7 1.0000 0.0 0.0 0.0
96 96 7 1.0000 0.0 0.0 0.0
97 97 7 1.0000 0.0 0.0 0.0
98 98 7 1.0000 0.0 0.0 0.0
99 99 7 1.0000 0.0 0.0 0.0
100 100 7 1.0000 0.0 0.0 0.0
101 101 7 1.0000 0.0 0.0 0.0
102 102 7 1.0000 0.0 0.0 0.0
103 103 7 1.0000 0.0 0.0 0.0
104 104 7 1.0000 0.0 0.0 0.0
105 105 7 1.0000 0.0 0.0 0.0
106 106 7 1.0000 0.0 0.0 0.0
107 107 7 1.0000 0.0 0.0 0.0
108 108 7 1.0000 0.0 0.0 0.0
109 109 7 1.0000 0.0 0.0 0.0
110 110 7 1.0000 0.0 0.0 0.0
111 111 7 1.0000 0.0 0.0 0.0
112 112 7 1.0000 0.0 0.0 0.0
113 113 7 1.0000 0.0 0.0 0.0
114 114 7 1.0000 0.0 0.0 0.0
115 115 7 1.0000 0.0 0.0 0.0
116 116 7 1.0000 0.0 0.0 0.0
117 117 7 1.0000 0.0 0.0 0.0
118 118 7 1.0000 0.0 0.0 0.0
119 119 7 1.0000 0.0 0.0 0.0
120 120 7 1.0000 0.0 0.0 0.0
121 121 7 1.0000 0.0 0.0 0.0
122 122 7 1.0000 0.0 0.0 0.0
123 123 7 1.0000 0.0 0.0 0.0
124 124 7 1.0000 0.0 0.0 0.0
125 125 7 1.0000 0.0 0.0 0.0
126 126 7 1.0000 0.0 0.0 0.0
127 127 7 1.0000 0.0 0.0 0.0
128 128 7 1.0000 0.0 0.0 0.0
129 129 7 1.0000 0.0 0.0 0.0
130 130 7 1.0000 0.0 0.0 0.0
131 131 7 1.0000 0.0 0.0 0.0
132 132 7 1.0000 0.0 0.0 0.0
133 133 7 1.0000 0.0 0.0 0.0
134 134 7 1.0000 0.0 0.0 0.0
135 135 7 1.0000 0.0 0.0 0.0
136 136 7 1.0000 0.0 0.0 0.0
137 137 7 1.0000 0.0 0.0 0.0
138 138 7 1.0000 0.0 0.0 0.0
139 139 7 1.0000 0.0 0.0 0.0
140 140 7 1.0000 0.0 0.0 0.0
141 141 7 1.0000 0.0 0.0 0.0
142 142 7 1.0000 0.0 0.0 0.0
143 143 7 1.0000 0.0 0.0 0.0
144 144 7 1.0000 0.0 0.0 0.0
145 145 7 1.0000 0.0 0.0 0.0
146 146 7 1.0000 0.0 0.0 0.0
147 147 7 1.0000 0.0 0.0 0.0
148 148 7 1.0000 0.0 0.0 0.0
149 149 7 1.0000 0.0 0.0 0.0
150 150 7 1.0000 0.0 0.0 0.0
151 151 7 1.0000 0.0 0.0 0.0
152 152 7 1.0000 0.0 0.0 0.0
153 153 7 1.0000 0.0 0.0 0.0
154 154 7 1.0000 0.0 0.0 0.0
155 155 7 1.0000 0.0 0.0 0.0
156 156 7 1.0000 0.0 0.0 0.0
157 157 7 1.0000 0.0 0.0 0.0
158 158 7 1.0000 0.0 0.0 0.0
159 159 7 1.0000 0.0 0.0 0.0
160 160 7 1.0000 0.0 0.0 0.0
161 161 7 1.0000 0.0 0.0 0.0
162 162 7 1.0000 0.0 0.0 0.0
163 163 7 1.0000 0.0 0.0 0.0
164 164 7 1.0000 0.0 0.0 0.0
165 165 7 1.0000 0.0 0.0 0.0
166 166 7 1.0000 0.0 0.0 0.0
167 167 7 1.0000 0.0 0.0 0.0
168 168 7 1.0000 0.0 0.0 0.0
169 169 7 1.0000 0.0 0.0 0.0
170 170 7 1.0000 0.0 0.0 0.0
171 171 7 1.0000 0.0 0.0 0.0
172 172 7 1.0000 0.0 0.0 0.0
173 173 7 1.0000 0.0 0.0 0.0
174 174 7 1.0000 0.0 0.0 0.0
175 175 7 1.0000 0.0 0.0 0.0
176 176 7 1.0000 0.0 0.0 0.0
177 177 7 1.0000 0.0 0.0 0.0
178 178 7 1.0000 0.0 0.0 0.0
179 179 7 1.0000 0.0 0.0 0.0
180 180 7 1.0000 0.0 0.0 0.0
181 181 7 1.0000 0.0 0.0 0.0
182 182 7 1.0000 0.0 0.0 0.0
183 183 7 1.0000 0.0 0.0 0.0
184 184 7 1.0000 0.0 0.0 0.0
185 185 7 1.0000 0.0 0.0 0.0
186 186 7 1.0000 0.0 0.0 0.0
187 187 7 1.0000 0.0 0.0 0.0
188 188 7 1.0000 0.0 0.0 0.0
189 189 7 1.0000 0.0 0.0 0.0
190 190 7 1.0000 0.0 0.0 0.0
191 191 7 1.0000 0.0 0.0 0.0
192 192 7 1.0000 0.0 0.0 0.0
193 193 7 1.0000 0.0 0.0 0.0
194 194 7 1.0000 0.0 0.0 0.0
195 195 7 1.0000 0.0 0.0 0.0
196 196 7 1.0000 0.0 0.0 0.0
197 197 7 1.0000 0.0 0.0 0.0
198 198 7 1.0000 0.0 0.0 0.0
199 199 7 1.0000 0.0 0.0 0.0
200 200 7 1.0000 0.0 0.0 0.0
201 201 7 1.0000 0.0 0.0 0.0
202 202 7 1.0000 0.0 0.0 0.0
203 203 7 1.0000 0.0 0.0 0.0
204 204 7 1.0000 0.0 0.0 0.0
205 205 7 1.0000 0.0 0.0 0.0
206 206 7 1.0000 0.0 0.0 0.0
207 207 7 1.0000 0.0 0.0 0.0
208 208 7 1.0000 0.0 0.0 0.0
209 209 7 1.0000 0.0 0.0 0.0
210 210 7 1.0000 0.0 0.0 0.0
211 211 7 1.0000 0.0 0.0 0.0
212 212 7 1.0000 0.0 0.0 0.0
213 213 7 1.0000 0.0 0.0 0.0
214 214 7 1.0000 0.0 0.0 0.0
215 215 7 1.0000 0.0 0.0 0.0
216 216 7 1.0000 0.0 0.0 0.0
217 217 7 1.0000 0.0 0.0 0.0
218 218 7 1.0000 0.0 0.0 0.0
219 219 7 1.0000 0.0 0.0 0.0
220 220 7 1.0000 0.0 0.0 0.0
221 221 7 1.0000 0.0 0.0 0.0
222 222 7 1.0000 0.0 0.0 0.0
223 223 7 1.0000 0.0 0.0 0.0
224 224 7 1.0000 0.0 0.0 0.0
225 225 7 1.0000 0.0 0.0 0.0
226 226 7 1.0000 0.0 0.0 0.0
227 227 7 1.0000 0.0 0.0 0.0
228 228 7 1.0000 0.0 0.0 0.0
229 229 7 1.0000 0.0 0.0 0.0
230 230 7 1.0000 0.0 0.0 0.0
231 231 7 1.0000 0.0 0.0 0.0
232 232 7 1.0000 0.0 0.0 0.0
233 233 7 1.0000 0.0 0.0 0.0
234 234 7 1.0000 0.0 0.0 0.0
235 235 7 1.0000 0.0 0.0 0.0
236 236 7 1.0000 0.0 0.0 0.0
237 237 7 1.0000 0.0 0.0 0.0
238 238 7 1.0000 0.0 0.0 0.0
239 239 7 1.0000 0.0 0.0 0.0
240 240 7 1.0000 0.0 0.0 0.0
241 241 7 1.0000 0.0 0.0 0.0
242 242 7 1.0000 0.0 0.0 0.0
243 243 7 1.0000 0.0 0.0 0.0
244 244 7 1.0000 0.0 0.0 0.0
245 245 7 1.0000 0.0 0.0 0.0
246 246 7 1.0000 0.0 0.0 0.0
247 247 7 1.0000 0.0 0.0 0.0
248 248 7 1.0000 0.0 0.0 0.0
249 249 7 1.0000 0.0 0.0 0.0
250 250 7 1.0000 0.0 0.0 0.0
251 251 7 1.0000 0.0 0.0 0.0
252 252 7 1.0000 0.0 0.0 0.0
253 253 7 1.0000 0.0 0.0 0.0
254 254 7 1.0000 0.0 0.0 0.0
255 255 7 1.0000 0.0 0.0 0.0
256 256 7 1.0000 0.0 0.0 0.0
257 257 7 1.0000 0.0 0.0 0.0
258 258 7 1.0000 0.0 0.0 0.0
259 259 7 1.0000 0.0 0.0 0.0
260 260 7 1.0000 0.0 0.0 0.0
261 261 7 1.0000 0.0 0.0 0.0
262 262 7 1.0000 0.0 0.0 0.0
263 263 7 1.0000 0.0 0.0 0.0
264 264 7 1.0000 0.0 0.0 0.0
265 265 7 1.0000 0.0 0.0 0.0
266 266 7 1.0000 0.0 0.0 0.0
267 267 7 1.0000 0.0 0.0 0.0
268 268 7 1.0000 0.0 0.0 0.0
269 269 7 1.0000 0.0 0.0 0.0
270 270 7 1.0000 0.0 0.0 0.0
271 271 7 1.0000 0.0 0.0 0.0
272 272 7 1.0000 0.0 0.0 0.0
273 273 7 1.0000 0.0 0.0 0.0
274 274 7 1.0000 0.0 0.0 0.0
275 275 7 1.0000 0.0 0.0 0.0
276 276 7 1.0000 0.0 0.0 0.0
277 277 7 1.0000 0.0 0.0 0.0
278 278 7 1.0000 0.0 0.0 0.0
279 279 7 1.0000 0.0 0.0 0.0
280 280 7 1.0000 0.0 0.0 0.0
281 281 7 1.0000 0.0 0.0 0.0
282 282 7 1.0000 0.0 0.0 0.0
283 283 7 1.0000 0.0 0.0 0.0
284 284 7 1.0000 0.0 0.0 0.0
285 285 7 1.0000 0.0 0.0 0.0
286 286 7 1.0000 0.0 0.0 0.0
287 287 7 1.0000 0.0 0.0 0.0
288 288 7 1.0000 0.0 0.0 0.0
289 289 7 1.0000 0.0 0.0 0.0
290 290 7 1.0000 0.0 0.0 0.0
291 291 7 1.0000 0.0 0.0 0.0
292 292 7 1.0000 0.0 0.0 0.0
293 293 7 1.0000 0.0 0.0 0.0
294 294 7 1.0000 0.0 0.0 0.0
295 295 7 1.0000 0.0 0.0 0.0
296 296 7 1.0000 0.0 0.0 0.0
297 297 7 1.0000 0.0 0.0 0.0
298 298 7 1.0000 0.0 0.0 0.0
299 299 7 1.0000 0.0 0.0 0.0
300 300 7 1.0000 0.0 0.0 0.0
301 301 7 1.0000 0.0 0.0 0.0
302 302 7 1.0000 0.0 0.0 0.0
303 303 7 1.0000 0.0 0.0 0.0
304 304 7 1.0000 0.0 0.0 0.0
305 305 7 1.0000 0.0 0.0 0.0
306 306 7 1.0000 0.0 0.0 0.0
307 307 7 1.0000 0.0 0.0 0.0
308 308 7 1.0000 0.0 0.0 0.0
309 309 7 1.0000 0.0 0.0 0.0
310 310 7 1.0000 0.0 0.0 0.0
311 311 7 1.0000 0.0 0.0 0.0
312 312 7 1.0000 0.0 0.0 0.0
313 313 7 1.0000 0.0 0.0 0.0
314 314 7 1.0000 0.0 0.0 0.0
315 315 7 1.0000 0.0 0.0 0.0
316 316 7 1.0000 0.0 0.0 0.0
317 317 7 1.0000 0.0 0.0 0.0
318 318 7 1.0000 0.0 0.0 0.0
319 319 7 1.0000 0.0 0.0 0.0
320 320 7 1.0000 0.0 0.0 0.0
321 321 7 1.0000 0.0 0.0 0.0
322 322 7 1.0000 0.0 0.0 0.0
323 323 7 1.0000 0.0 0.0 0.0
324 324 7 1.0000 0.0 0.0 0.0
325 325 7 1.0000 0.0 0.0 0.0
326 326 7 1.0000 0.0 0.0 0.0
327 327 7 1.0000 0.0 0.0 0.0
328 328 7 1.0000 0.0 0.0 0.0
329 329 7 1.0000 0.0 0.0 0.0
330 330 7 1.0000 0.0 0.0 0.0
331 331 7 1.0000 0.0 0.0 0.0
332 332 7 1.0000 0.0 0.0 0.0
333 333 7 1.0000 0.0 0.0 0.0
334 334 7 1.0000 0.0 0.0 0.0
335 335 7 1.0000 0.0 0.0 0.0
336 336 7 1.0000 0.0 0.0 0.0
337 337 7 1.0000 0.0 0.0 0.0
338 338 7 1.0000 0.0 0.0 0.0
339 339 7 1.0000 0.0 0.0 0.0
340 340 7 1.0000 0.0 0.0 0.0
341 341 7 1.0000 0.0 0.0 0.0
342 342 7 1.0000 0.0 0.0 0.0
343 343 7 1.0000 0.0 0.0 0.0
344 344 7 1.0000 0.0 0.0 0.0
345 345 7 1.0000 0.0 0.0 0.0
346 346 7 1.0000 0.0 0.0 0.0
347 347 7 1.0000 0.0 0.0 0.0
348 348 7 1.0000 0.0 0.0 0.0
349 349 7 1.0000 0.0 0.0 0.0
350 350 7 1.0000 0.0 0.0 0.0
351 351 7 1.0000 0.0 0.0 0.0
352 352 7 1.0000 0.0 0.0 0.0
353 353 7 1.0000 0.0 0.0 0.0
354 354 7 1.0000 0.0 0.0 0.0
355 355 7 1.0000 0.0 0.0 0.0
356 356 7 1.0000 0.0 0.0 0.0
357 357 7 1.0000 0.0 0.0 0.0
358 358 7 1.0000 0.0 0.0 0.0
359 359 7 1.0000 0.0 0.0 0.0
360 360 7 1.0000 0.0 0.0 0.0
361 361 7 1.0000 0.0 0.0 0.0
362 362 7 1.0000 0.0 0.0 0.0
363 363 7 1.0000 0.0 0.0 0.0
364 364 7 1.0000 0.0 0.0 0.0
365 365 7 1.0000 0.0 0.0 0.0
366 366 7 1.0000 0.0 0.0 0.0
367 367 7 1.0000 0.0 0.0 0.0
368 368 7 1.0000 0.0 0.0 0.0
369 369 7 1.0000 0.0 0.0 0.0
370 370 7 1.0000 0.0 0.0 0.0
371 371 7 1.0000 0.0 0.0 0.0
372 372 7 1.0000 0.0 0.0 0.0
373 373 7 1.0000 0.0 0.0 0.0
374 374 7 1.0000 0.0 0.0 0.0
375 375 7 1.0000 0.0 0.0 0.0
376 376 7 1.0000 0.0 0.0 0.0
377 377 7 1.0000 0.0 0.0 0.0
378 378 7 1.0000 0.0 0.0 0.0
379 379 7 1.0000 0.0 0.0 0.0
380 380 7 1.0000 0.0 0.0 0.0
381 381 7 1.0000 0.0 0.0 0.0
382 382 7 1.0000 0.0 0.0 0.0
383 383 7 1.0000 0.0 0.0 0.0
384 384 7 1.0000 0.0 0.0 0.0
385 385 7 1.0000 0.0 0.0 0.0
386 386 7 1.0000 0.0 0.0 0.0
387 387 7 1.0000 0.0 0.0 0.0
388 388 7 1.0000 0.0 0.0 0.0
389 389 7 1.0000 0.0 0.0 0.0
390 390 7 1.0000 0.0 0.0 0.0
391 391 7 1.0000 0.0 0.0 0.0
392 392 7 1.0000 0.0 0.0 0.0
393 393 7 1.0000 0.0 0.0 0.0
394 394 7 1.0000 0.0 0.0 0.0
395 395 7 1.0000 0.0 0.0 0.0
396 396 7 1.0000 0.0 0.0 0.0
397 397 7 1.0000 0.0 0.0 0.0
398 398 7 1.0000 0.0 0.0 0.0
399 399 7 1.0000 0.0 0.0 0.0
400 400 7 1.0000 0.0 0.0 0.0
401 401 7 1.0000 0.0 0.0 0.0
402 402 7 1.0000 0.0 0.0 0.0
403 403 7 1.0000 0.0 0.0 0.0
404 404 7 1.0000 0.0 0.0 0.0
405 405 7 1.0000 0.0 0.0 0.0
406 406 7 1.0000 0.0 0.0 0.0
407 407 7 1.0000 0.0 0.0 0.0
408 408 7 1.0000 0.0 0.0 0.0
409 409 7 1.0000 0.0 0.0 0.0
410 410 7 1.0000 0.0 0.0 0.0
411 411 7 1.0000 0.0 0.0 0.0
412 412 7 1.0000 0.0 0.0 0.0
413 413 7 1.0000 0.0 0.0 0.0
414 414 7 1.0000 0.0 0.0 0.0
415 415 7 1.0000 0.0 0.0 0.0
416 416 7 1.0000 0.0 0.0 0.0
417 417 7 1.0000 0.0 0.0 0.0
418 418 7 1.0000 0.0 0.0 0.0
419 419 7 1.0000 0.0 0.0 0.0
420 420 7 1.0000 0.0 0.0 0.0
421 421 7 1.0000 0.0 0.0 0.0
422 422 7 1.0000 0.0 0.0 0.0
423 423 7 1.0000 0.0 0.0 0.0
424 424 7 1.0000 0.0 0.0 0.0
425 425 7 1.0000 0.0 0.0 0.0
426 426 7 1.0000 0.0 0.0 0.0
427 427 7 1.0000 0.0 0.0 0.0
428 428 7 1.0000 0.0 0.0 0.0
429 429 7 1.0000 0.0 0.0 0.0
430 430 7 1.0000 0.0 0.0 0.0
431 431 7 1.0000 0.0 0.0 0.0
432 432 7 1.0000 0.0 0.0 0.0
433 433 7 1.0000 0.0 0.0 0.0
434 434 7 1.0000 0.0 0.0 0.0
435 435 7 1.0000 0.0 0.0 0.0
436 436 7 1.0000 0.0 0.0 0.0
437 437 7 1.0000 0.0 0.0 0.0
438 438 7 1.0000 0.0 0.0 0.0
439 439 7 1.0000 0.0 0.0 0.0
440 440 7 1.0000 0.0 0.0 0.0
441 441 7 1.0000 0.0 0.0 0.0
442 442 7 1.0000 0.0 0.0 0.0
443 443 7 1.0000 0.0 0.0 0.0
444 444 7 1.0000 0.0 0.0 0.0
445 445 7 1.0000 0.0 0.0 0.0
446 446 7 1.0000 0.0 0.0 0.0
447 447 7 1.0000 0.0 0.0 0.0
448 448 7 1.0000 0.0 0.0 0.0
449 449 7 1.0000 0.0 0.0 0.0
450 450 7 1.0000 0.0 0.0 0.0
451 451 7 1.0000 0.0 0.0 0.0
452 452 7 1.0000 0.0 0.0 0.0
453 453 7 1.0000 0.0 0.0 0.0
454 454 7 1.0000 0.0 0.0 0.0
455 455 7 1.0000 0.0 0.0 0.0
456 456 7 1.0000 0.0 0.0 0.0
457 457 7 1.0000 0.0 0.0 0.0
458 458 7 1.0000 0.0 0.0 0.0
459 459 7 1.0000 0.0 0.0 0.0
460 460 7 1.0000 0.0 0.0 0.0
461 461 7 1.0000 0.0 0.0 0.0
462 462 7 1.0000 0.0 0.0 0.0
463 463 7 1.0000 0.0 0.0 0.0
464 464 7 1.0000 0.0 0.0 0.0
465 465 7 1.0000 0.0 0.0 0.0
466 466 7 1.0000 0.0 0.0 0.0
467 467 7 1.0000 0.0 0.0 0.0
468 468 7 1.0000 0.0 0.0 0.0
469 469 7 1.0000 0.0 0.0 0.0
470 470 7 1.0000 0.0 0.0 0.0
471 471 7 1.0000 0.0 0.0 0.0
472 472 7 1.0000 0.0 0.0 0.0
473 473 7 1.0000 0.0 0.0 0.0
474 474 7 1.0000 0.0 0.0 0.0
475 475 7 1.0000 0.0 0.0 0.0
476 476 7 1.0000 0.0 0.0 0.0
477 477 7 1.0000 0.0 0.0 0.0
478 478 7 1.0000 0.0 0.0 0.0
479 479 7 1.0000 0.0 0.0 0.0
480 480 7 1.0000 0.0 0.0 0.0
481 481 7 1.0000 0.0 0.0 0.0
482 482 7 1.0000 0.0 0.0 0.0
483 483 7 1.0000 0.0 0.0 0.0
484 484 7 1.0000 0.0 0.0 0.0
485 485 7 1.0000 0.0 0.0 0.0
486 486 7 1.0000 0.0 0.0 0.0
487 487 7 1.0000 0.0 0.0 0.0
488 488 7 1.0000 0.0 0.0 0.0
489 489 7 1.0000 0.0 0.0 0.0
490 490 7 1.0000 0.0 0.0 0.0
491 491 7 1.0000 0.0 0.0 0.0
492 492 7 1.0000 0.0 0.0 0.0
493 493 7 1.0000 0.0 0.0 0.0
494 494 7 1.0000 0.0 0.0 0.0
495 495 7 1.0000 0.0 0.0 0.0
496 496 7 1.0000 0.0 0.0 0.0
497 497 7 1.0000 0.0 0.0 0.0
498 498 7 1.0000 0.0 0.0 0.0
499 499 7 1.0000 0.0 0.0 0.0
500 500 7 1.0000 0.0 0.0 0.0
501 501 7 1.0000 0.0 0.0 0.0
502 502 7 1.0000 0.0 0.0 0.0
503 503 7 1.0000 0.0 0.0 0.0
504 504 7 1.0000 0.0 0.0 0.0
505 505 7 1.0000 0.0 0.0 0.0
506 506 7 1.0000 0.0 0.0 0.0
507 507 7 1.0000 0.0 0.0 0.0
508 508 7 1.0000 0.0 0.0 0.0
509 509 7 1.0000 0.0 0.0 0.0
510 510 7 1.0000 0.0 0.0 0.0
511 511 7 1.0000 0.0 0.0 0.0
512 512 7 1.0000 0.0 0.0 0.0
513 513 7 1.0000 0.0 0.0 0.0
514 514 7 1.0000 0.0 0.0 0.0
515 515 7 1.0000 0.0 0.0 0.0
516 516 7 1.0000 0.0 0.0 0.0
517 517 7 1.0000 0.0 0.0 0.0
518 518 7 1.0000 0.0 0.0 0.0
519 519 7 1.0000 0.0 0.0 0.0
520 520 7 1.0000 0.0 0.0 0.0
521 521 7 1.0000 0.0 0.0 0.0
522 522 7 1.0000 0.0 0.0 0.0
523 523 7 1.0000 0.0 0.0 0.0
524 524 7 1.0000 0.0 0.0 0.0
525 525 7 1.0000 0.0 0.0 0.0
526 526 7 1.0000 0.0 0.0 0.0
527 527 7 1.0000 0.0 0.0 0.0
528 528 7 1.0000 0.0 0.0 0.0
529 529 7 1.0000 0.0 0.0 0.0
530 530 7 1.0000 0.0 0.0 0.0
531 531 7 1.0000 0.0 0.0 0.0
532 532 7 1.0000 0.0 0.0 0.0
533 533 7 1.0000 0.0 0.0 0.0
534 534 7 1.0000 0.0 0.0 0.0
535 535 7 1.0000 0.0 0.0 0.0
536 536 7 1.0000 0.0 0.0 0.0
537 537 7 1.0000 0.0 0.0 0.0
538 538 7 1.0000 0.0 0.0 0.0
539 539 7 1.0000 0.0 0.0 0.0
540 540 7 1.0000 0.0 0.0 0.0
541 541 7 1.0000 0.0 0.0 0.0
542 542 7 1.0000 0.0 0.0 0.0
543 543 7 1.0000 0.0 0.0 0.0
544 544 7 1.0000 0.0 0.0 0.0
545 545 7 1.0000 0.0 0.0 0.0
546 546 7 1.0000 0.0 0.0 0.0
547 547 7 1.0000 0.0 0.0 0.0
548 548 7 1.0000 0.0 0.0 0.0
549 549 7 1.0000 0.0 0.0 0.0
550 550 7 1.0000 0.0 0.0 0.0
551 551 7 1.0000 0.0 0.0 0.0
552 552 7 1.0000 0.0 0.0 0.0
553 553 7 1.0000 0.0 0.0 0.0
554 554 7 1.0000 0.0 0.0 0.0
555 555 7 1.0000 0.0 0.0 0.0
556 556 7 1.0000 0.0 0.0 0.0
557 557 7 1.0000 0.0 0.0 0.0
558 558 7 1.0000 0.0 0.0 0.0
559 559 7 1.0000 0.0 0.0 0.0
560 560 7 1.0000 0.0 0.0 0.0
561 561 7 1.0000 0.0 0.0 0.0
562 562 7 1.0000 0.0 0.0 0.0
563 563 7 1.0000 0.0 0.0 0.0
564 564 7 1.0000 0.0 0.0 0.0
565 565 7 1.0000 0.0 0.0 0.0
566 566 7 1.0000 0.0 0.0 0.0
567 567 7 1.0000 0.0 0.0 0.0
568 568 7 1.0000 0.0 0.0 0.0
569 569 7 1.0000 0.0 0.0 0.0
570 570 7 1.0000 0.0 0.0 0.0
571 571 7 1.0000 0.0 0.0 0.0
572 572 7 1.0000 0.0 0.0 0.0
573 573 7 1.0000 0.0 0.0 0.0
574 574 7 1.0000 0.0 0.0 0.0
575 575 7 1.0000 0.0 0.0 0.0
576 576 7 1.0000 0.0 0.0 0.0
577 577 7 1.0000 0.0 0.0 0.0
578 578 7 1.0000 0.0 0.0 0.0
579 579 7 1.0000 0.0 0.0 0.0
580 580 7 1.0000 0.0 0.0 0.0
581 581 7 1.0000 0.0 0.0 0.0
582 582 7 1.0000 0.0 0.0 0.0
583 583 7 1.0000 0.0 0.0 0.0
584 584 7 1.0000 0.0 0.0 0.0
585 585 7 1.0000 0.0 0.0 0.0
586 586 7 1.0000 0.0 0.0 0.0
587 587 7 1.0000 0.0 0.0 0.0
588 588 7 1.0000 0.0 0.0 0.0
589 589 7 1.0000 0.0 0.0 0.0
590 590 7 1.0000 0.0 0.0 0.0
591 591 7 1.0000 0.0 0.0 0.0
592 592 7 1.0000 0.0 0.0 0.0
593 593 7 1.0000 0.0 0.0 0.0
594 594 7 1.0000 0.0 0.0 0.0
595 595 7 1.0000 0.0 0.0 0.0
596 596 7 1.0000 0.0 0.0 0.0
597 597 7 1.0000 0.0 0.0 0.0
598 598 7 1.0000 0.0 0.0 0.0
599 599 7 1.0000 0.0 0.0 0.0
600 600 7 1.0000 0.0 0.0 0.0
601 601 7 1.0000 0.0 0.0 0.0
602 602 7 1.0000 0.0 0.0 0.0
603 603 7 1.0000 0.0 0.0 0.0
604 604 7 1.0000 0.0 0.0 0.0
605 605 7 1.0000 0.0 0.0 0.0
606 606 7 1.0000 0.0 0.0 0.0
607 607 7 1.0000 0.0 0.0 0.0
608 608 7 1.0000 0.0 0.0 0.0
609 609 7 1.0000 0.0 0.0 0.0
610 610 7 1.0000 0.0 0.0 0.0
611 611 7 1.0000 0.0 0.0 0.0
612 612 7 1.0000 0.0 0.0 0.0
613 613 7 1.0000 0.0 0.0 0.0
614 614 7 1.0000 0.0 0.0 0.0
615 615 7 1.0000 0.0 0.0 0.0
616 616 7 1.0000 0.0 0.0 0.0
617 617 7 1.0000 0.0 0.0 0.0
618 618 7 1.0000 0.0 0.0 0.0
619 619 7 1.0000 0.0 0.0 0.0
620 620 7 1.0000 0.0 0.0 0.0
621 621 7 1.0000 0.0 0.0 0.0
622 622 7 1.0000 0.0 0.0 0.0
623 623 7 1.0000 0.0 0.0 0.0
624 624 7 1.0000 0.0 0.0 0.0
625 625 7 1.0000 0.0 0.0 0.0
626 626 7 1.0000 0.0 0.0 0.0
627 627 7 1.0000 0.0 0.0 0.0
628 628 7 1.0000 0.0 0.0 0.0
629 629 7 1.0000 0.0 0.0 0.0
630 630 7 1.0000 0.0 0.0 0.0
631 631 7 1.0000 0.0 0.0 0.0
632 632 7 1.0000 0.0 0.0 0.0
633 633 7 1.0000 0.0 0.0 0.0
634 634 7 1.0000 0.0 0.0 0.0
635 635 7 1.0000 0.0 0.0 0.0
636 636 7 1.0000 0.0 0.0 0.0
637 637 7 1.0000 0.0 0.0 0.0
638 638 7 1.0000 0.0 0.0 0.0
639 639 7 1.0000 0.0 0.0 0.0
640 640 7 1.0000 0.0 0.0 0.0
641 641 7 1.0000 0.0 0.0 0.0
642 642 7 1.0000 0.0 0.0 0.0
643 643 7 1.0000 0.0 0.0 0.0
644 644 7 1.0000 0.0 0.0 0.0
645 645 7 1.0000 0.0 0.0 0.0
646 646 7 1.0000 0.0 0.0 0.0
647 647 7 1.0000 0.0 0.0 0.0
648 648 7 1.0000 0.0 0.0 0.0
649 649 7 1.0000 0.0 0.0 0.0
650 650 7 1.0000 0.0 0.0 0.0
651 651 7 1.0000 0.0 0.0 0.0
652 652 7 1.0000 0.0 0.0 0.0
653 653 7 1.0000 0.0 0.0 0.0
654 654 7 1.0000 0.0 0.0 0.0
655 655 7 1.0000 0.0 0.0 0.0
656 656 7 1.0000 0.0 0.0 0.0
657 657 7 1.0000 0.0 0.0 0.0
658 658 7 1.0000 0.0 0.0 0.0
659 659 7 1.0000 0.0 0.0 0.0
660 660 7 1.0000 0.0 0.0 0.0
661 661 7 1.0000 0.0 0.0 0.0
662 662 7 1.0000 0.0 0.0 0.0
663 663 7 1.0000 0.0 0.0 0.0
664 664 7 1.0000 0.0 0.0 0.0
665 665 7 1.0000 0.0 0.0 0.0
666 666 7 1.0000 0.0 0.0 0.0
667 667 7 1.0000 0.0 0.0 0.0
668 668 7 1.0000 0.0 0.0 0.0
669 669 7 1.0000 0.0 0.0 0.0
670 670 7 1.0000 0.0 0.0 0.0
671 671 7 1.0000 0.0 0.0 0.0
672 672 7 1.0000 0.0 0.0 0.0
673 673 7 1.0000 0.0 0.0 0.0
674 674 7 1.0000 0.0 0.0 0.0
675 675 7 1.0000 0.0 0.0 0.0
676 676 7 1.0000 0.0 0.0 0.0
677 677 7 1.0000 0.0 0.0 0.0
678 678 7 1.0000 0.0 0.0 0.0
679 679 7 1.0000 0.0 0.0 0.0
680 680 7 1.0000 0.0 0.0 0.0
681 681 7 1.0000 0.0 0.0 0.0
682 682 7 1.0000 0.0 0.0 0.0
683 683 7 1.0000 0.0 0.0 0.0
684 684 7 1.0000 0.0 0.0 0.0
685 685 7 1.0000 0.0 0.0 0.0
686 686 7 1.0000 0.0 0.0 0.0
687 687 7 1.0000 0.0 0.0 0.0
688 688 7 1.0000 0.0 0.0 0.0
689 689 7 1.0000 0.0 0.0 0.0
690 690 7 1.0000 0.0 0.0 0.0
691 691 7 1.0000 0.0 0.0 0.0
692 692 7 1.0000 0.0 0.0 0.0
693 693 7 1.0000 0.0 0.0 0.0
694 694 7 1.0000 0.0 0.0 0.0
695 695 7 1.0000 0.0 0.0 0.0
696 696 7 1.0000 0.0 0.0 0.0
697 697 7 1.0000 0.0 0.0 0.0
698 698 7 1.0000 0.0 0.0 0.0
699 699 7 1.0000 0.0 0.0 0.0
700 700 7 1.0000 0.0 0.0 0.0
701 701 7 1.0000 0.0 0.0 0.0
702 702 7 1.0000 0.0 0.0 0.0
703 703 7 1.0000 0.0 0.0 0.0
704 704 7 1.0000 0.0 0.0 0.0
705 705 7 1.0000 0.0 0.0 0.0
706 706 7 1.0000 0.0 0.0 0.0
707 707 7 1.0000 0.0 0.0 0.0
708 708 7 1.0000 0.0 0.0 0.0
709 709 7 1.0000 0.0 0.0 0.0
710 710 7 1.0000 0.0 0.0 0.0
711 711 7 1.0000 0.0 0.0 0.0
712 712 7 1.0000 0.0 0.0 0.0
713 713 7 1.0000 0.0 0.0 0.0
714 714 7 1.0000 0.0 0.0 0.0
715 715 7 1.0000 0.0 0.0 0.0
716 716 7 1.0000 0.0 0.0 0.0
717 717 7 1.0000 0.0 0.0 0.0
718 718 7 1.0000 0.0 0.0 0.0
719 719 7 1.0000 0.0 0.0 0.0
720 720 7 1.0000 0.0 0.0 0.0
721 721 7 1.0000 0.0 0.0 0.0
722 722 7 1.0000 0.0 0.0 0.0
723 723 7 1.0000 0.0 0.0 0.0
724 724 7 1.0000 0.0 0.0 0.0
725 725 7 1.0000 0.0 0.0 0.0
726 726 7 1.0000 0.0 0.0 0.0
727 727 7 1.0000 0.0 0.0 0.0
728 728 7 1.0000 0.0 0.0 0.0
729 729 7 1.0000 0.0 0.0 0.0
730 730 7 1.0000 0.0 0.0 0.0
731 731 7 1.0000 0.0 0.0 0.0
732 732 7 1.0000 0.0 0.0 0.0
733 733 7 1.0000 0.0 0.0 0.0
734 734 7 1.0000 0.0 0.0 0.0
735 735 7 1.0000 0.0 0.0 0.0
736 736 7 1.0000 0.0 0.0 0.0
737 737 7 1.0000 0.0 0.0 0.0
738 738 7 1.0000 0.0 0.0 0.0
739 739 7 1.0000 0.0 0.0 0.0
740 740 7 1.0000 0.0 0.0 0.0
741 741 7 1.0000 0.0 0.0 0.0
742 742 7 1.0000 0.0 0.0 0.0
743 743 7 1.0000 0.0 0.0 0.0
744 744 7 1.0000 0.0 0.0 0.0
745 745 7 1.0000 0.0 0.0 0.0
746 746 7 1.0000 0.0 0.0 0.0
747 747 7 1.0000 0.0 0.0 0.0
748 748 7 1.0000 0.0 0.0 0.0
749 749 7 1.0000 0.0 0.0 0.0
750 750 7 1.0000 0.0 0.0 0.0
751 751 7 1.0000 0.0 0.0 0.0
752 752 7 1.0000 0.0 0.0 0.0
753 753 7 1.0000 0.0 0.0 0.0
754 754 7 1.0000 0.0 0.0 0.0
755 755 7 1.0000 0.0 0.0 0.0
756 756 7 1.0000 0.0 0.0 0.0
